Sorry,Age,Race,ageRec,edu,natCounty,prevCrime,coDefs,GenderVic,numVics,fVic,mVic
1,47,Hispanic,28,11,1,0,0,F,1,1,0
0,38,White,22,8,0,1,0,M,1,0,1
0,46,Black,34,10,0,0,0,M,1,0,1
1,61,White,36,9,0,1,0,M,1,0,1
1,44,Hispanic,22,10,0,1,4,F,1,1,0
0,43,Black,30,12,0,1,1,F,1,1,0
0,48,White,37,12,0,0,0,F,2,0,2
0,58,White,45,9,1,0,0,M,1,1,1
1,38,Hispanic,21,8,0,0,1,M,1,0,1
1,33,White,24,,0,0,0,M,1,0,1
1,58,White,40,8,0,0,0,F,3,1,2
0,43,Hispanic,19,,0,,2,M,1,0,1
0,35,White,27,12,0,0,0,M,1,0,1
0,43,White,30,6,0,1,0,M,1,0,1
0,36,Black,22,9,0,,,F,1,1,0
0,33,Hispanic,20,8,0,,,M,1,0,1
0,35,Hispanic,20,8,0,0,3,M,1,0,1
1,27,Hispanic,22,10,0,,0,M,1,0,1
0,46,Black,33,11,0,1,,M,1,0,1
0,67,White,36,16,1,0,0,F,4,0,4
0,32,Black,20,11,0,1,0,M,3,2,1
1,34,Hispanic,22,10,0,,,M,1,0,1
1,42,White,31,12,1,0,0,F,2,0,2
0,46,Hispanic,31,8,1,1,2,F,1,1,0
0,53,White,39,6,1,1,6,M,1,0,1
1,57,Black,40,10,0,1,1,F,1,1,0
0,42,Hispanic,21,,1,0,2,M,3,2,1
1,32,Hispanic,19,8,1,0,2,F,3,1,2
0,38,Black,30,10,0,1,1,M,1,0,1
1,45,Black,24,9,0,1,0,M,2,1,1
1,39,Hispanic,27,9,0,,0,M,2,1,1
1,44,Hispanic,30,4,1,,0,M,2,1,1
0,49,White,36,8,1,1,0,F,1,1,0
0,29,Black,19,10,0,0,0,F,1,1,0
0,33,Black,19,8,1,0,2,M,1,0,1
0,59,White,45,12,1,0,5,M,1,0,1
0,46,Hispanic,27,,1,1,0,M,1,0,1
1,43,White,38,10,0,1,1,F,1,1,0
1,49,White,28,9,0,1,0,M,1,0,1
0,43,White,29,12,0,1,0,M,3,2,1
0,37,Hispanic,24,7,0,1,1,M,1,0,1
0,30,Hispanic,20,8,0,1,13,F,4,4,0
0,55,White,41,12,0,1,0,F,2,0,2
0,41,Black,31,12,1,,,M,2,1,1
0,36,Hispanic,28,8,0,1,2,M,2,1,1
0,52,Black,37,12,0,1,0,F,1,1,0
1,43,Black,29,12,0,1,0,M,1,0,1
0,37,Black,24,12,0,1,0,M,1,0,1
0,35,Black,26,3,0,1,1,F,2,0,2
0,29,White,19,11,0,0,1,M,3,2,1
0,40,Black,29,9,0,1,,M,1,0,1
1,50,Black,31,9,0,1,0,M,1,0,1
0,48,Black,30,8,0,0,0,F,1,1,0
0,46,Black,23,12,1,1,0,M,2,1,1
1,41,Hispanic,30,9,1,1,2,F,1,1,0
0,33,Black,25,12,1,0,,F,1,1,0
1,41,White,33,11,1,1,0,F,1,1,0
1,40,White,19,9,0,1,0,F,1,1,0
0,44,Black,34,11,0,,,F,1,1,0
1,48,White,40,12,1,0,1,F,1,1,0
0,40,Black,28,9,0,1,0,F,5,,
0,54,Black,36,11,0,1,1,M,1,0,1
0,33,Black,20,10,0,0,3,M,1,0,1
1,29,Black,21,10,0,0,0,M,3,2,1
0,47,Hispanic,38,10,0,1,,M,2,1,1
0,52,White,43,9,1,,,M,2,1,1
1,41,Hispanic,31,12,0,1,6,M,1,0,1
0,38,Hispanic,30,10,0,0,0,F,1,1,0
0,46,Hispanic,36,10,0,1,0,F,1,1,0
0,39,Hispanic,29,12,0,0,0,M,2,1,1
0,44,White,32,11,0,1,2,M,1,0,1
0,31,White,22,10,1,,1,M,2,1,1
0,33,Hispanic,25,8,0,1,1,F,2,0,2
1,42,White,32,8,0,1,0,M,1,0,1
1,38,Hispanic,22,12,1,0,0,F,1,1,0
1,32,Black,20,8,0,0,0,F,2,0,2
1,32,White,21,9,0,1,1,M,1,0,1
0,42,Black,21,8,0,1,0,M,1,0,1
1,46,White,38,10,0,0,0,F,1,1,0
0,42,Black,34,12,0,0,0,M,1,0,1
1,31,White,20,9,0,0,1,F,1,1,0
0,51,Black,39,12,0,1,0,M,2,1,1
0,35,Hispanic,18,12,0,1,4,F,2,2,0
0,42,Black,29,11,0,1,0,F,2,0,2
0,28,White,20,12,0,0,1,F,1,1,0
0,59,White,27,16,0,0,0,F,1,,
0,36,Black,21,11,0,0,0,M,1,0,1
1,54,Hispanic,36,10,0,0,0,F,1,1,0
0,37,Hispanic,25,8,0,1,0,M,1,0,1
1,41,White,31,6,1,1,3,M,1,0,1
0,41,White,31,6,1,1,3,M,1,0,1
0,40,Hispanic,31,10,0,1,3,M,1,0,1
0,31,White,23,10,1,,1,F,1,1,0
1,34,Black,23,10,0,0,0,M,1,0,1
1,31,White,23,10,0,1,2,M,1,0,1
0,32,Hispanic,23,10,0,0,1,M,2,1,1
0,59,White,37,8,1,0,1,F,2,0,2
0,51,Black,39,12,1,0,0,M,1,0,1
0,44,White,32,7,0,0,0,F,1,1,0
0,34,Black,23,10,0,0,1,M,1,0,1
0,30,Black,21,11,0,0,3,F,1,1,0
1,34,Hispanic,25,8,1,1,0,M,1,0,1
1,32,White,21,12,0,0,3,M,1,0,1
1,28,Black,20,10,1,0,1,M,1,0,1
0,37,Black,25,11,0,0,2,F,3,0,3
0,52,White,36,10,0,1,1,M,1,0,1
1,34,White,27,9,0,0,0,M,2,1,1
1,51,Black,28,10,0,1,0,F,1,1,0
0,28,Black,19,9,0,1,1,F,1,1,0
0,35,Hispanic,24,10,1,0,0,F,1,1,0
0,38,Hispanic,28,11,0,0,0,F,1,1,0
0,34,Hispanic,27,11,0,0,0,M,2,1,1
1,38,Black,23,9,0,1,2,M,1,0,1
1,34,Black,20,11,1,0,2,F,1,1,0
0,51,Black,38,10,0,1,0,F,1,1,0
0,35,Black,29,12,1,0,0,F,1,1,0
1,36,Hispanic,23,9,0,1,0,M,2,1,1
0,46,Hispanic,36,11,0,1,0,M,1,0,1
0,41,Hispanic,30,11,0,0,0,F,4,2,2
0,53,Black,46,7,1,1,0,F,1,1,0
0,49,Black,37,11,1,1,0,F,2,0,2
0,40,Black,30,12,0,,,F,,,
0,45,Black,37,12,0,1,0,F,1,1,0
0,42,Black,36,12,1,1,0,F,1,1,0
1,36,Black,25,11,0,0,0,F,1,1,0
0,46,Black,32,5,1,1,1,M,1,0,1
0,42,White,32,11,1,0,0,F,1,1,0
0,45,White,35,12,1,0,0,F,1,1,0
1,29,White,20,12,1,0,1,M,1,0,1
0,27,Black,20,9,1,0,1,M,3,2,1
0,57,White,40,11,0,1,1,F,3,1,2
1,39,White,30,7,0,1,0,F,1,1,0
1,40,Hispanic,39,12,0,1,6,M,1,0,1
0,32,Black,24,12,0,1,0,F,2,0,2
0,29,Hispanic,23,11,1,,1,M,1,0,1
1,33,Hispanic,19,9,1,0,4,F,2,2,0
0,40,Black,31,9,0,1,5,M,1,0,1
0,40,Black,25,11,1,0,0,M,2,1,1
1,29,Black,19,9,1,0,0,M,2,1,1
1,37,White,27,12,1,0,0,F,1,1,0
0,48,Black,28,9,0,1,0,F,1,1,0
0,32,White,24,8,0,1,1,M,3,2,1
1,30,White,22,10,1,1,0,F,1,1,0
0,32,Hispanic,20,11,0,1,1,M,1,0,1
0,32,Black,21,12,0,0,3,F,4,1,3
0,32,Black,24,10,1,0,0,F,1,1,0
0,27,Black,19,11,0,0,1,F,1,1,0
0,44,Black,31,11,0,0,0,F,2,0,2
0,39,White,25,9,0,0,1,M,2,1,1
0,33,Hispanic,26,11,0,1,0,F,1,1,0
1,36,Hispanic,20,,0,1,1,F,1,1,0
0,56,White,45,12,1,0,0,F,1,1,0
0,41,White,23,10,1,1,1,M,1,0,1
1,30,White,21,7,1,0,1,M,2,1,1
0,38,White,25,9,1,1,1,F,1,1,0
0,51,White,40,12,0,1,2,F,0,0,2
1,28,Hispanic,19,8,0,1,1,M,1,0,1
0,42,Black,34,10,0,0,0,M,1,0,1
0,45,Black,21,11,0,0,1,M,1,0,1
0,48,Hispanic,41,9,0,1,2,F,2,0,2
0,44,White,20,11,0,0,2,F,2,0,2
1,30,White,23,8,0,1,0,M,2,1,1
0,47,Black,39,12,0,1,0,F,3,3,0
0,31,White,30,10,0,1,0,F,2,2,0
1,32,White,22,12,1,0,2,M,1,0,1
1,36,Hispanic,28,11,1,0,0,M,2,1,1
1,30,Black,20,10,0,0,0,M,1,0,1
0,33,Black,23,8,0,0,1,M,1,0,1
0,48,White,33,11,0,0,3,F,3,1,2
0,43,Black,30,12,0,0,0,M,1,0,1
0,29,Black,21,9,0,1,1,M,2,1,1
0,27,Black,19,12,0,0,3,M,1,0,1
1,43,Hispanic,36,5,0,1,0,F,1,1,0
0,41,Black,33,12,1,0,0,M,1,0,1
1,40,White,27,12,1,0,0,F,1,1,0
1,31,Black,21,10,0,0,3,M,1,0,1
1,31,Black,19,9,0,0,4,F,2,2,0
1,45,Hispanic,39,7,1,1,0,F,1,1,0
0,28,Black,23,10,0,0,1,F,3,0,3
1,34,White,21,8,1,1,0,F,1,1,0
0,42,Hispanic,32,11,0,1,1,M,2,1,1
0,27,Black,20,10,0,0,1,M,2,1,1
0,39,White,22,12,0,0,0,F,1,1,0
0,38,Black,27,12,0,1,1,M,1,0,1
1,27,Hispanic,20,9,0,0,0,F,1,1,0
0,31,Black,23,12,0,0,0,F,1,1,0
0,32,Black,20,9,1,0,0,M,1,0,1
1,31,White,24,11,0,,1,F,1,1,0
0,34,Hispanic,25,8,0,1,0,F,2,0,2
0,33,Black,22,10,1,0,1,F,3,1,2
0,34,Black,25,13,0,0,1,F,3,1,2
1,50,White,44,9,0,1,0,F,3,0,3
1,37,White,25,8,1,1,0,F,1,1,0
1,55,White,49,9,0,0,0,F,1,1,0
0,42,Hispanic,35,12,0,0,1,M,1,0,1
0,32,Black,20,7,0,1,0,M,1,0,1
0,40,Black,23,12,0,1,0,F,3,1,2
0,30,White,20,12,1,0,0,F,1,1,0
1,38,Black,21,12,0,0,,M,1,0,1
0,29,Hispanic,22,11,0,0,0,F,1,1,0
0,28,Hispanic,26,8,0,1,0,F,1,1,0
1,31,White,23,12,1,0,2,M,1,0,1
0,44,Black,33,12,1,1,0,F,1,1,0
1,43,White,37,9,0,1,0,M,1,0,1
0,42,White,34,12,0,1,0,M,1,0,1
1,49,White,36,12,0,0,0,F,1,1,0
0,41,White,32,9,1,1,0,F,4,4,0
1,38,White,18,11,1,0,3,M,1,0,1
1,33,White,29,7,0,1,0,M,1,0,1
0,30,Hispanic,22,12,0,0,2,M,1,0,1
0,30,Black,23,11,0,1,3,M,1,0,1
0,30,Black,21,12,1,0,3,M,1,0,1
1,47,White,40,12,1,1,0,F,1,1,0
0,52,Black,39,10,0,1,1,M,1,0,1
1,30,Black,19,12,0,0,2,M,1,0,1
1,53,White,32,10,0,1,,F,,,
1,39,White,29,10,1,1,2,M,1,0,1
0,42,Hispanic,26,9,1,0,1,M,1,0,1
1,30,Black,19,9,1,0,1,M,2,1,1
1,32,Hispanic,21,10,0,0,1,M,1,0,1
1,41,Black,24,12,1,0,1,M,1,0,1
1,28,White,20,11,0,0,0,F,2,2,0
0,43,White,25,9,0,1,0,M,1,0,1
0,50,Black,39,,0,,0,M,2,1,1
0,29,Black,23,9,0,1,1,M,1,0,1
0,36,White,24,10,1,1,0,F,3,3,0
0,36,Black,27,11,1,0,0,F,2,2,0
0,46,Black,36,10,0,1,0,F,3,3,0
1,58,White,48,6,0,1,2,M,1,0,1
1,42,White,29,6,1,1,0,M,1,0,1
1,32,Black,20,11,0,0,3,F,1,1,0
0,27,Black,25,11,0,0,0,F,1,1,0
0,38,White,26,12,0,1,1,F,1,1,0
0,61,White,53,12,0,0,0,M,2,1,1
0,41,White,32,12,0,0,0,F,2,2,0
1,54,White,51,12,1,1,0,F,2,2,0
1,53,White,31,12,1,1,3,M,1,0,1
0,29,Black,19,9,0,0,3,M,1,0,1
0,43,Black,39,12,1,0,0,F,1,1,0
1,64,White,57,15,0,0,1,M,1,0,1
0,38,Black,30,12,0,1,0,M,1,0,1
0,56,White,40,10,1,1,0,M,1,0,1
0,48,White,37,10,0,1,0,F,1,1,0
1,34,Hispanic,27,8,1,1,0,M,1,0,1
0,43,White,35,9,0,1,0,F,1,1,0
1,35,Black,29,12,0,1,1,M,1,0,1
0,41,White,32,9,0,1,2,M,1,0,1
1,33,Black,28,10,0,1,2,F,1,1,0
0,28,Black,21,10,0,0,2,M,1,0,1
0,42,Hispanic,26,9,1,1,2,F,1,1,0
0,33,White,20,8,0,1,0,M,1,0,1
1,40,White,29,12,1,0,0,F,2,2,0
1,32,Black,24,9,0,0,1,M,1,0,1
0,37,White,25,11,0,1,0,F,1,1,0
0,30,Hispanic,25,9,0,1,1,F,1,1,0
1,31,White,22,8,1,0,1,M,3,2,1
0,55,White,49,7,0,1,0,M,2,1,1
0,52,Hispanic,46,11,0,1,0,M,2,1,1
1,66,White,53,11,0,1,0,F,2,2,0
0,47,White,35,15,1,0,0,M,1,0,1
0,56,White,44,,1,,0,F,1,1,0
0,48,Black,41,9,0,1,0,M,1,0,1
0,42,White,35,,0,0,0,F,2,2,0
1,30,White,23,16,0,0,0,F,1,1,0
0,44,White,32,10,1,1,0,F,1,1,0
1,36,Black,37,9,1,1,0,M,2,1,1
1,24,Black,18,10,0,0,0,F,3,3,0
1,38,White,26,9,0,1,0,F,1,1,0
1,33,Hispanic,20,10,1,0,1,M,1,0,1
1,25,Black,18,8,0,0,3,M,1,0,1
0,59,White,54,12,0,1,0,F,1,1,0
0,30,Black,23,9,0,1,0,F,2,2,0
0,34,White,26,14,1,0,1,F,5,3,2
0,27,White,21,11,1,0,1,M,1,0,1
1,35,White,28,14,1,0,0,M,1,0,1
1,25,Black,18,12,0,0,1,M,1,0,1
1,29,Hispanic,21,11,0,0,1,M,1,0,1
0,32,White,25,11,0,0,0,M,1,0,1
1,28,Black,20,11,0,0,1,F,1,1,0
0,54,Hispanic,35,7,0,1,1,M,1,0,1
0,47,White,36,11,0,0,1,F,1,1,0
1,43,Black,23,12,0,0,2,M,1,0,1
1,40,Hispanic,34,10,0,1,0,F,1,1,0
0,29,Black,21,9,0,0,0,F,2,0,2
0,35,White,21,13,0,0,0,M,1,0,1
1,48,White,32,10,0,0,2,M,1,0,1
0,41,Black,33,7,0,1,0,M,2,1,1
1,43,Black,32,12,1,1,0,F,1,1,0
1,31,White,31,8,1,0,0,F,1,1,0
1,37,Black,24,9,0,1,2,M,1,0,1
1,31,Black,18,11,0,0,3,M,1,0,1
1,41,White,29,10,0,1,0,M,1,0,1
1,33,Black,18,10,0,0,0,F,2,0,2
0,50,White,34,8,1,1,2,M,1,0,1
0,39,White,32,9,1,0,0,M,2,1,1
0,47,White,36,7,0,1,1,M,1,0,1
1,39,White,26,10,1,1,0,F,2,0,2
0,46,Black,27,14,1,1,3,F,2,0,2
1,57,White,52,11,0,0,0,M,3,2,1
0,31,Black,22,8,0,1,1,M,1,0,1
1,28,White,21,8,0,0,0,M,2,1,1
1,55,White,47,10,0,0,1,F,2,2,0
0,50,Hispanic,39,7,0,1,0,F,1,1,0
0,52,Black,33,11,0,1,0,F,1,1,0
0,37,White,23,10,1,1,1,M,1,0,1
1,37,White,27,10,1,0,0,F,1,1,0
1,60,White,49,9,0,1,2,M,1,0,1
0,50,White,40,14,1,1,0,M,1,0,1
1,33,White,21,12,0,0,0,F,1,1,0
0,32,Black,23,10,1,0,0,F,1,1,0
1,31,Black,24,10,0,1,2,M,1,0,1
1,31,Hispanic,21,12,1,0,0,F,1,1,0
1,27,White,20,12,1,0,2,F,1,1,0
0,43,White,38,11,0,0,0,F,1,1,0
0,37,Black,26,12,1,1,0,M,3,2,1
1,39,White,25,10,1,1,0,F,2,2,0
0,40,White,27,12,0,1,1,F,1,1,0
0,53,Black,33,9,0,1,1,F,1,1,0
1,33,Hispanic,22,7,0,0,1,F,1,1,0
0,36,Black,24,12,0,0,0,M,1,0,1
0,33,Hispanic,19,9,1,0,1,M,1,0,1
1,50,White,38,12,1,0,0,F,2,2,0
0,28,Hispanic,19,10,1,0,1,F,5,,
0,39,Black,38,9,0,0,0,M,1,0,1
1,32,Hispanic,26,,,0,0,F,1,1,0
0,44,Black,33,9,0,1,2,M,1,0,1
0,48,White,40,9,0,0,0,F,2,2,0
1,34,Black,27,12,0,0,1,M,6,5,1
0,33,Black,21,14,1,0,0,F,1,1,0
0,47,White,33,11,1,1,1,M,1,0,1
0,32,Black,19,11,0,1,2,M,1,0,1
1,38,White,26,12,1,0,0,M,2,1,1
1,37,White,23,8,1,1,0,F,1,1,0
0,43,Black,29,14,0,1,1,F,1,1,0
1,36,White,25,11,1,1,0,F,1,1,0
0,28,Black,20,11,0,0,1,M,1,0,1
0,31,Black,23,11,0,1,0,F,1,1,0
0,62,White,48,10,0,0,0,M,1,0,1
1,38,Black,27,11,0,1,0,M,1,0,1
1,39,White,23,8,1,0,0,F,2,0,2
0,27,Black,19,10,0,0,0,F,1,1,0
0,47,White,24,12,1,0,0,M,1,0,1
0,42,White,26,13,0,0,0,M,1,0,1
0,38,Black,27,11,0,1,0,F,1,1,0
0,31,White,23,12,1,1,0,F,1,1,0
0,48,White,40,11,0,0,0,F,2,2,0
0,54,Black,30,7,0,1,0,M,1,0,1
0,30,White,27,11,1,0,0,M,1,0,1
1,42,White,28,15,1,0,1,F,3,1,2
1,46,White,33,13,0,0,0,F,3,3,0
0,39,Hispanic,29,8,0,1,1,F,1,1,0
1,42,White,25,11,1,1,0,M,1,0,1
0,28,Black,23,9,0,0,0,M,2,1,1
0,31,Hispanic,20,,0,1,0,F,1,1,0
0,51,White,39,7,0,1,0,F,1,1,0
1,41,White,29,8,0,0,0,M,1,0,1
0,43,White,38,14,1,1,0,F,1,1,0
1,42,Black,21,7,0,1,0,M,1,0,1
0,51,Black,40,11,0,1,0,F,1,1,0
0,39,Black,29,8,0,1,0,M,1,0,1
0,37,Hispanic,21,12,1,1,0,F,1,1,0
0,56,White,45,7,0,0,0,F,1,1,0
0,39,Black,21,9,1,0,0,F,1,1,0
0,39,Black,28,12,0,,0,F,1,1,0
0,41,White,30,,,,1,M,1,0,1
0,35,Black,25,11,0,1,2,F,1,1,0
1,35,White,31,10,0,1,0,F,1,1,0
0,61,White,40,10,1,1,0,F,1,1,0
0,38,White,24,9,0,0,0,F,1,1,0
0,62,Black,53,11,0,1,1,F,1,1,0
0,31,Hispanic,20,10,0,1,0,M,1,0,1
0,26,White,25,12,1,0,1,M,1,0,1
0,61,White,36,10,1,0,2,F,3,0,3
1,44,Black,28,8,0,1,2,F,1,1,0
0,38,Black,24,14,0,1,1,M,,0,1
0,30,Hispanic,23,11,0,1,3,F,,1,0
1,43,White,25,12,1,0,0,F,4,4,0
1,39,Hispanic,22,6,0,,3,M,2,1,1
1,52,Hispanic,42,3,0,1,0,M,1,0,1
0,36,White,24,12,0,0,2,M,1,0,1
1,46,White,36,12,1,1,0,F,1,1,0
0,42,Black,25,12,1,1,1,M,1,0,1
0,49,White,26,8,1,0,0,F,1,1,0
1,40,White,31,15,1,1,0,F,3,3,0
0,52,White,46,9,0,1,0,F,1,1,0
0,37,White,26,8,0,1,0,F,2,2,0
0,41,Hispanic,35,9,0,1,1,F,2,0,2
0,43,Hispanic,20,9,1,1,0,M,1,0,1
0,35,White,24,10,0,1,1,M,1,0,1
0,43,Hispanic,35,13,0,1,2,M,1,0,1
0,30,Hispanic,20,9,0,0,0,M,4,3,1
1,40,White,25,16,1,1,0,M,1,0,1
1,32,White,22,12,1,1,0,M,1,0,1
0,41,Hispanic,21,10,0,0,0,F,1,1,0
0,34,Black,18,10,0,0,0,F,1,1,0
0,34,White,26,10,1,0,2,F,1,1,0
0,42,White,31,,1,0,1,F,1,1,0
1,38,White,19,0,0,0,0,F,1,1,0
0,47,White,29,10,1,1,0,F,1,1,0
1,40,White,39,,0,0,0,M,3,2,1
1,38,White,25,7,0,0,1,M,2,1,1
0,37,White,28,11,1,1,0,M,1,0,1
0,35,Black,23,10,0,0,0,F,1,1,0
0,43,White,29,13,0,1,0,F,1,1,0
0,30,White,22,11,0,1,1,F,1,1,0
0,43,Other,32,11,1,1,0,F,1,1,0
1,34,Black,21,12,6,1,4,F,1,0,4
1,36,White,29,8,0,0,0,M,1,0,1
1,41,Black,33,11,1,1,0,M,1,0,1
1,38,White,27,9,1,1,1,F,1,1,0
0,45,White,43,12,1,0,0,F,2,2,0
0,37,Black,27,11,0,0,0,M,1,0,1
0,34,Black,23,8,0,0,0,F,3,1,2
1,35,White,21,8,1,1,0,F,1,1,0
0,29,Hispanic,19,5,1,0,1,M,1,0,1
0,44,Black,35,11,1,1,0,M,3,2,1
0,38,White,28,8,0,0,0,M,1,0,1
1,33,White,23,14,1,0,1,M,2,1,1
0,32,Hispanic,20,11,0,1,3,F,1,1,0
0,30,Black,19,11,0,0,1,M,1,0,1
1,34,Black,25,11,0,0,0,F,1,1,0
0,33,Black,22,10,1,1,1,M,1,0,1
1,33,White,23,12,0,1,0,F,2,0,2
1,47,White,29,12,1,1,0,F,1,1,0
0,37,Black,22,10,0,0,0,M,1,0,1
0,42,White,23,9,0,1,0,F,1,1,0
0,39,White,29,12,1,1,0,M,3,2,1
1,38,White,28,7,0,1,,F,,,
0,36,Black,24,8,1,1,2,M,1,0,1
0,33,Black,24,9,0,1,0,F,1,1,0
0,55,White,43,7,0,1,0,M,2,1,1
0,53,White,43,10,1,0,0,F,1,1,0
1,36,White,23,9,1,1,0,M,1,0,1
0,50,White,29,10,0,,0,F,1,1,0
0,40,White,26,9,0,1,3,M,3,2,1
1,39,White,33,14,1,0,0,F,1,1,0
0,32,Black,22,8,1,1,2,F,1,1,0
0,42,White,32,12,1,1,1,F,1,1,0
1,36,Hispanic,35,11,0,1,0,M,1,0,1
0,45,Black,25,12,0,0,0,M,7,6,1
0,38,White,32,10,1,1,1,M,2,1,1
0,40,White,27,7,1,1,2,F,2,0,2
0,31,Hispanic,23,9,1,1,0,F,1,1,0
0,40,Other,32,7,1,0,0,F,2,0,2
0,33,Black,26,11,0,1,0,M,1,0,1
0,50,White,38,9,1,,1,F,1,1,0
0,40,Black,24,8,0,0,1,M,1,0,1
0,40,Black,31,10,0,1,0,F,1,1,0
0,31,Black,22,9,0,1,0,F,1,1,0
0,41,Black,24,8,0,1,0,M,1,0,1
0,35,Black,25,10,1,1,2,F,1,1,0
0,34,White,20,8,1,1,1,F,3,1,2
0,42,White,27,15,0,1,1,M,1,0,1
0,52,Black,35,12,1,1,0,F,1,1,0
0,52,White,40,12,0,1,0,F,1,1,0
0,29,White,20,9,1,1,0,F,1,1,0
0,38,Black,25,11,0,0,1,M,1,0,1
0,38,White,18,7,0,,1,M,1,0,1
0,36,Hispanic,26,6,0,1,,F,,,
0,44,White,37,12,1,0,0,F,1,1,0
0,53,White,43,11,0,1,0,M,1,0,1
0,48,Black,36,14,0,1,0,M,1,0,1
0,34,White,20,11,1,1,1,M,1,0,1
0,32,Black,20,12,0,0,1,M,1,0,1
0,47,White,45,16,1,0,0,M,1,0,1
0,29,Hispanic,24,8,0,0,1,F,1,1,0
0,35,White,25,10,1,0,1,M,1,0,1
0,38,White,30,12,0,0,1,M,1,0,1
0,33,White,21,12,1,0,0,M,1,0,1
0,46,Black,30,9,1,0,1,M,1,0,1
0,41,White,31,12,0,1,0,F,1,1,0
0,39,White,32,5,1,1,0,M,1,0,1
0,33,Black,26,11,0,1,1,M,1,0,1
1,51,White,38,12,0,1,3,M,1,0,1
1,59,Black,47,7,1,1,0,F,1,1,0
0,34,White,29,9,1,1,1,M,1,0,1
0,33,Black,21,9,0,1,0,F,1,1,0
0,39,White,32,9,1,0,0,F,1,1,0
1,29,Black,19,10,0,0,2,F,4,0,4
0,26,Hispanic,18,9,0,0,1,M,1,0,1
0,34,Black,22,11,0,1,1,F,2,0,2
0,58,White,51,13,0,0,0,F,2,2,0
0,39,White,27,13,1,1,1,M,1,0,1
0,32,Black,19,9,0,0,2,M,1,0,1
0,31,Black,17,8,0,0,2,M,1,0,1
0,46,White,34,14,0,0,3,F,1,1,0
0,38,White,27,12,1,0,0,F,1,1,0
0,45,Hispanic,34,11,0,0,0,M,1,0,1
0,38,Black,25,12,0,1,1,F,1,1,0
0,38,Hispanic,29,7,0,0,0,M,1,0,1
0,40,Hispanic,29,11,1,1,1,M,1,0,1
0,29,Black,,,,,,F,,,
0,37,Black,,,,,,F,,,
0,37,Black,22,9,0,1,1,F,2,0,2
0,38,Black,,,,,,F,,,
0,45,White,,,,,,F,,,
0,27,Hispanic,20,11,0,0,3,F,1,1,0
0,46,White,38,11,1,1,1,F,1,1,0
0,34,Black,20,10,0,0,0,F,1,1,0
1,38,White,30,10,0,1,0,F,1,1,0
0,32,White,28,10,1,1,3,M,2,1,1
0,28,White,18,7,1,0,0,F,1,1,0
0,39,Hispanic,,,,,,F,,,
0,49,White,40,14,0,0,1,M,1,0,1
0,42,Black,27,10,1,1,1,M,1,0,1
0,54,White,,,,,,F,,,
0,59,Hispanic,44,,1,1,2,F,2,2,0
0,38,Black,30,10,1,1,,M,1,0,1
0,33,White,24,8,0,1,0,M,1,0,1
0,37,Black,31,14,1,0,0,M,1,0,1
0,30,White,23,6,0,0,3,M,1,0,1
0,54,Black,50,9,0,1,0,M,1,0,1
0,27,Hispanic,21,9,0,1,0,F,1,1,0
0,44,White,38,12,1,1,2,M,1,0,1
0,40,White,35,9,0,1,2,F,1,1,0
0,44,Black,34,11,0,1,1,M,2,1,1
0,39,Black,34,11,1,0,0,M,1,0,1
0,37,Black,34,,0,1,0,F,1,1,0
0,27,White,,,,0,3,F,1,1,0
0,34,White,,,,1,2,M,1,0,1
0,32,White,,,,1,0,F,1,1,0
0,38,Black,,,,,,F,,,
1,27,Black,,,0,0,0,F,1,1,0
0,27,Hispanic,25,,0,0,0,F,4,2,2
0,44,Hispanic,38,9,0,1,0,M,1,0,1
0,25,Hispanic,,,,,,F,,,
1,30,Black,22,,,1,1,M,2,1,1
0,37,White,,,,,,F,,,
0,30,Black,24,,0,1,1,M,1,0,1
1,36,White,30,,,1,0,F,1,1,0
0,37,White,,,,,,F,,,
0,50,Hispanic,,,,,,F,,,
0,24,White,,,,1,0,F,1,1,0
0,28,White,24,,,,,F,,,
0,30,White,23,,,1,0,M,1,0,1
0,28,White,19,,,0,0,M,1,0,1
0,43,Hispanic,35,,,1,0,M,1,0,1
0,34,Black,28,,,1,0,M,2,1,1
0,24,Hispanic,22,,,1,0,M,1,0,1
0,34,White,,,,1,0,F,1,1,0
0,49,White,,,,,1,M,1,0,1
1,39,White,33,,,1,0,M,2,1,1
0,39,White,31,,,0,0,M,1,0,1
0,29,White,26,6,0,1,1,F,1,1,0
0,40,Black,35,12,0,1,1,M,1,0,1
